0.000000000000000000e+00,1.996158348602243393e+00,4.364206852596701047e+00,5.888519381374093697e+00,7.522485057382547247e+00,1.117321983785495476e+01,1.308085472909424318e+01,1.649684481281174442e+01,1.800929003073235179e+01,1.923156822555136358e+01,2.003273551322837420e+01,2.291371763088273994e+01,2.441435965301512923e+01,2.630538427393617695e+01,2.868457266260786298e+01,3.035914664946455233e+01,3.235865729978993244e+01,3.414177366474024922e+01,1.998584676173995334e+01,1.898588907279239635e+01,1.812551479357063045e+01,1.722275758904775955e+01,1.755746157677200614e+01,1.879548720287393238e+01,1.992675342055277810e+01,2.021222395002745387e+01,1.972639487683922965e+01,2.000297291221116325e+01,2.106249069439062893e+01,2.206989670475073595e+01,2.202853837072306931e+01,2.191061156731604598e+01,2.048338723061476330e+01,2.095750843988671264e+01,2.108741508438538048e+01,2.148104742648403942e+01,9.377162094552609517e+00,1.115390474061937987e+01,1.512175107763737358e+01,1.749390185249403729e+01,1.915376358855925076e+01,1.987860357243704357e+01,2.140202828067313234e+01,2.275862245017187391e+01,2.427306268643331322e+01,2.682218591645210637e+01,2.844723946868072773e+01,3.215074085684909733e+01,3.330683136216504181e+01,3.514987601903710868e+01,3.690192800318884281e+01,3.842666760854618246e+01,4.037208243432357335e+01,4.141621569777863954e+01
1.996158348602243393e+00,0.000000000000000000e+00,2.963828402926762973e+00,4.588993692635603416e+00,6.265380669339773334e+00,9.790474633511177416e+00,1.165702119007443649e+01,1.495795481493605195e+01,1.652421635759359120e+01,1.778468385206924651e+01,1.862859049251729360e+01,2.148277302581853121e+01,2.297648668411628492e+01,2.493265167853402176e+01,2.738367124032764011e+01,2.910232642355114052e+01,3.114067828184265352e+01,3.296614545401159546e+01,1.990805589078177817e+01,1.874310833420696909e+01,1.769784379274695851e+01,1.650239509509036395e+01,1.658873886152236921e+01,1.767086754338139087e+01,1.869452786620464124e+01,1.882118905745439363e+01,1.822318590687591211e+01,1.839208940504594736e+01,1.936270056153081498e+01,2.031767213914053016e+01,2.019589713283728827e+01,2.002011402555632102e+01,1.853861382072303954e+01,1.897325871983284884e+01,1.909240367551826978e+01,1.949205491027898063e+01,8.758432738004145790e+00,1.032440697298067711e+01,1.392144912659418843e+01,1.617583999009837470e+01,1.772003248826838728e+01,1.837121720383249368e+01,1.988213948465834946e+01,2.114994492900329348e+01,2.258979558675327226e+01,2.505710001290624689e+01,2.667037992876711883e+01,3.041421993484053488e+01,3.159187207312319146e+01,3.347401975204724778e+01,3.526210168110955578e+01,3.681580986250704512e+01,3.878127825768003589e+01,3.986969472902028144e+01
4.364206852596701047e+00,2.963828402926762973e+00,0.000000000000000000e+00,1.625300150572574154e+00,3.301590507200046432e+00,6.865135296775531693e+00,8.754825013874702577e+00,1.213682836232871232e+01,1.366374386355176185e+01,1.490151193742600100e+01,1.572388476302757532e+01,1.859303485568755221e+01,2.009112018630809260e+01,2.201749122720695340e+01,2.444505676355037593e+01,2.615352591152499429e+01,2.818531196855960630e+01,3.000580467892731562e+01,1.748664893654766672e+01,1.618822230757697156e+01,1.500979578717167762e+01,1.364675318969560358e+01,1.364454209415571029e+01,1.470711874791694562e+01,1.573807856230580882e+01,1.591065080536937160e+01,1.537619149576974031e+01,1.563915219738668583e+01,1.671904294247032041e+01,1.775584349097459835e+01,1.780002452276107405e+01,1.779062897366507201e+01,1.654550290029802895e+01,1.727912755569560233e+01,1.760353890928151799e+01,1.834049986561024426e+01,6.061224303938377744e+00,7.457440542259875293e+00,1.095929179663360387e+01,1.323661086037530765e+01,1.482955575402697690e+01,1.552728629063015120e+01,1.704804604646642474e+01,1.839452097320173962e+01,1.992130863075528424e+01,2.251274181696922838e+01,2.414597482638771098e+01,2.781884468223060836e+01,2.896373506052331592e+01,3.079311689905716065e+01,3.253894638346797308e+01,3.406248068807765605e+01,3.600886234553176735e+01,3.705956492612235564e+01
5.888519381374093697e+00,4.588993692635603416e+00,1.625300150572574154e+00,0.000000000000000000e+00,1.677138757809683689e+00,5.285959858307033521e+00,7.192388951557133758e+00,1.063316988071311009e+01,1.212491027645677200e+01,1.334305491236626295e+01,1.414791667721158142e+01,1.702620273584526345e+01,1.852649644174135446e+01,2.043044066365248668e+01,2.284041289987737144e+01,2.454117091553169061e+01,2.656786724049914739e+01,2.838434652781205259e+01,1.621828874194169856e+01,1.483654177040358135e+01,1.357157044993980222e+01,1.209446272395034150e+01,1.203059221984271687e+01,1.308187700623798122e+01,1.412060253381937791e+01,1.433002146673045551e+01,1.384478588709428237e+01,1.417743391713570844e+01,1.533316987640041695e+01,1.642390135242166593e+01,1.658208435817219240e+01,1.668502442137153352e+01,1.560591208002912644e+01,1.652645152160444297e+01,1.697673638831457055e+01,1.791227589113982077e+01,4.703501115952597011e+00,5.916330500572451356e+00,9.336760521882300878e+00,1.163455059479126419e+01,1.326550361911706766e+01,1.399795491060048747e+01,1.552374555353049068e+01,1.692484173517451040e+01,1.850937922849688988e+01,2.117903758101889977e+01,2.282194307803963085e+01,2.644254797179586802e+01,2.756486940884848380e+01,2.935842401227223419e+01,3.107574607512602682e+01,3.257898836946641552e+01,3.451221794593440961e+01,3.553831785742053739e+01
7.522485057382547247e+00,6.265380669339773334e+00,3.301590507200046432e+00,1.677138757809683689e+00,0.000000000000000000e+00,3.671553777966752197e+00,5.590113441187143373e+00,9.091247707631925579e+00,1.053620259756783639e+01,1.172984882409561180e+01,1.251464758719001225e+01,1.540059255101110836e+01,1.690230409458278160e+01,1.878294745052079051e+01,2.117624755101063627e+01,2.287053955628635293e+01,2.489353211921736531e+01,2.670778140632914344e+01,1.503664902062859277e+01,1.355499990818961820e+01,1.218030360724862149e+01,1.054517389034107389e+01,1.038194055167462615e+01,1.140600914871975036e+01,1.244669763628915682e+01,1.269164027792928628e+01,1.226140507653516032e+01,1.267354096749553882e+01,1.391332912511708741e+01,1.506200181043286435e+01,1.534946631330273270e+01,1.557932378831857001e+01,1.469516830351163250e+01,1.581629633407584379e+01,1.640059203789174092e+01,1.754214061120006818e+01,3.610713317918782472e+00,4.428703600779115845e+00,7.659949759324359064e+00,9.975320719388115265e+00,1.164613981369156548e+01,1.241667247572186561e+01,1.394576179413344441e+01,1.540558985051129071e+01,1.705147357360268145e+01,1.980206837802024822e+01,2.145234164110713238e+01,2.501137027968596982e+01,2.610855681216655100e+01,2.786297076010428242e+01,2.954965596039284037e+01,3.103138701251397435e+01,3.295056645902688075e+01,3.395174300016364555e+01
1.117321983785495476e+01,9.790474633511177416e+00,6.865135296775531693e+00,5.285959858307033521e+00,3.671553777966752197e+00,0.000000000000000000e+00,1.919182766073820323e+00,5.455800655547858646e+00,6.865790855646123347e+00,8.061518191294672064e+00,8.862576599333458205e+00,1.174052919495520975e+01,1.324115515179249947e+01,1.515235636494418792e+01,1.759421774659475091e+01,1.932328623554109015e+01,2.137848189312976999e+01,2.323020620473412023e+01,1.397623859961070636e+01,1.222691907212925777e+01,1.051597300374586297e+01,8.257415516133136180e+00,7.447781700987196274e+00,8.096992733880142623e+00,8.954418345594689299e+00,9.046668133671722956e+00,8.591783775042291182e+00,9.064817229041180369e+00,1.041047854060498068e+01,1.164076630506751719e+01,1.215062580186725150e+01,1.262034996785329710e+01,1.215844540327601742e+01,1.367559914067496152e+01,1.453093116497822379e+01,1.608367268563622332e+01,4.570842138093071938e+00,3.559690917825283130e+00,4.309091655764090589e+00,6.389519254716468311e+00,7.981095183169486518e+00,8.747607215381339785e+00,1.027721595514890929e+01,1.177417504002787041e+01,1.348252070647716749e+01,1.633151834207911079e+01,1.798644958336022981e+01,2.145777557543336300e+01,2.252544108603857609e+01,2.424048658755129537e+01,2.590280195625837578e+01,2.737161091931686485e+01,2.928455093043169200e+01,3.028030146563135361e+01
1.308085472909424318e+01,1.165702119007443649e+01,8.754825013874702577e+00,7.192388951557133758e+00,5.590113441187143373e+00,1.919182766073820323e+00,0.000000000000000000e+00,3.569716826935726672e+00,4.946608485492919094e+00,6.150792701030357357e+00,6.972319402478391659e+00,9.838413093688545885e+00,1.133718745103509562e+01,1.327605713761230710e+01,1.575551855774338605e+01,1.750920957734851768e+01,1.958551840286076029e+01,2.146161070518616398e+01,1.384377827833398911e+01,1.199041346562242083e+01,1.013809900909115491e+01,7.570164547858329485e+00,6.284577722564323565e+00,6.562847983612053682e+00,7.228595552111983125e+00,7.164243605870811216e+00,6.672667183121540724e+00,7.188410975806371006e+00,8.611308923430771145e+00,9.895679626277278373e+00,1.056394179312885662e+01,1.119846386114490855e+01,1.103646726855017590e+01,1.278003140305795959e+01,1.378639496176378465e+01,1.555433469463650731e+01,6.012375955695937968e+00,4.492946220152300718e+00,2.936218575016635857e+00,4.593523487367860980e+00,6.075393296786145036e+00,6.828614248062029546e+00,8.358324567796435289e+00,9.876769395064293633e+00,1.162499803826512057e+01,1.453336749962081598e+01,1.618769673619010163e+01,1.960062796216010028e+01,2.065040047747573126e+01,2.234290699042803396e+01,2.399248854107501217e+01,2.545542233014900546e+01,2.736610721049431305e+01,2.836166845406217618e+01
1.649684481281174442e+01,1.495795481493605195e+01,1.213682836232871232e+01,1.063316988071311009e+01,9.091247707631925579e+00,5.455800655547858646e+00,3.569716826935726672e+00,0.000000000000000000e+00,1.683938393934318212e+00,3.024370222552030363e+00,4.005067925580600097e+00,6.649204903424013935e+00,8.106451303719614643e+00,1.019497322369615233e+01,1.282137071145293028e+01,1.465535943177640377e+01,1.679001859473266478e+01,1.873548734854310638e+01,1.506541213328692308e+01,1.312806244360415953e+01,1.115801332972460003e+01,8.305651248613569848e+00,6.229132524023204276e+00,5.373795800616526286e+00,5.178981171398814531e+00,4.246920362382276437e+00,3.284406837814169755e+00,3.618892280477367329e+00,5.120817067672088996e+00,6.480815105568398238e+00,7.440612906949492178e+00,8.395657664141696230e+00,8.876850612949253261e+00,1.099129884784133537e+01,1.225013616368485536e+01,1.436216349589382624e+01,9.422859651375825152e+00,7.666831693772313550e+00,3.742011316563176759e+00,2.810990034095992574e+00,3.026321987292208693e+00,3.426092623855934161e+00,4.925030163130576177e+00,6.319107823089006537e+00,8.060198093403274200e+00,1.101594577724840107e+01,1.266648041792397805e+01,1.603382690036376346e+01,1.708075811405679900e+01,1.878480762976636953e+01,2.045840833445679863e+01,2.194725832613838890e+01,2.387951007152549820e+01,2.492385268276037635e+01
1.800929003073235179e+01,1.652421635759359120e+01,1.366374386355176185e+01,1.212491027645677200e+01,1.053620259756783639e+01,6.865790855646123347e+00,4.946608485492919094e+00,1.683938393934318212e+00,0.000000000000000000e+00,1.340437301581896667e+00,2.327443158243918564e+00,4.995270080347289365e+00,6.470481880753898629e+00,8.527119378494159463e+00,1.114060816439674539e+01,1.297197463674308260e+01,1.510609331240394226e+01,1.705202834091856090e+01,1.469730834911189632e+01,1.276245438351124584e+01,1.079591828110424068e+01,7.948492960846708755e+00,5.678621540992423000e+00,4.362669398733491022e+00,3.768671498401638509e+00,2.573690660788307216e+00,1.727049219863867169e+00,2.653671584150490315e+00,4.464565777911783329e+00,5.920461891190741177e+00,7.260389614777952971e+00,8.493252274282530934e+00,9.421253284327480770e+00,1.167526326972232908e+01,1.303009311282719374e+01,1.525936280095836750e+01,1.045978719780668165e+01,8.572827207757798718e+00,4.114343146914220206e+00,2.051093619993246353e+00,1.350222795240527240e+00,1.884499219858595032e+00,3.414158186192619571e+00,5.063755602505401576e+00,6.994264028761454810e+00,1.010808678779158498e+01,1.173073325660574184e+01,1.488794353947164240e+01,1.586739510592044589e+01,1.747449602439447958e+01,1.907742206319954548e+01,2.051938222155692060e+01,2.242211962081468002e+01,2.341678192390751434e+01
1.923156822555136358e+01,1.778468385206924651e+01,1.490151193742600100e+01,1.334305491236626295e+01,1.172984882409561180e+01,8.061518191294672064e+00,6.150792701030357357e+00,3.024370222552030363e+00,1.340437301581896667e+00,0.000000000000000000e+00,1.005883823310220970e+00,3.699641196930607556e+00,5.191917461003354717e+00,7.205764243544452441e+00,9.803873561804259396e+00,1.163225961772986494e+01,1.376570298740845644e+01,1.571191735527074229e+01,1.453255126903606609e+01,1.262021615069107128e+01,1.068495398701180044e+01,7.907610630574939847e+00,5.570044030854473860e+00,3.900120280301857090e+00,2.861364392890596964e+00,1.260808026517790781e+00,9.128781544028857775e-01,2.510381728303511473e+00,4.361619771959943215e+00,5.799466417545184882e+00,7.398162423121728004e+00,8.808376445856092474e+00,1.004151334343538871e+01,1.236173217974950056e+01,1.377125175899766063e+01,1.606815710583121160e+01,1.139263473323392795e+01,9.443998866317889096e+00,4.824086573273092426e+00,2.301968162528175377e+00,1.895802601660295794e-01,1.048323798844185362e+00,2.387407638695691059e+00,4.284807547795909777e+00,6.345044934177972884e+00,9.542165451634863516e+00,1.111734882030302352e+01,1.405760652235764141e+01,1.497072258862528571e+01,1.648361980310168562e+01,1.801824969163680734e+01,1.941512178919995435e+01,2.128873504690597329e+01,2.223778317425843554e+01
2.003273551322837420e+01,1.862859049251729360e+01,1.572388476302757532e+01,1.414791667721158142e+01,1.251464758719001225e+01,8.862576599333458205e+00,6.972319402478391659e+00,4.005067925580600097e+00,2.327443158243918564e+00,1.005883823310220970e+00,0.000000000000000000e+00,2.896268616997395018e+00,4.397325448950065052e+00,6.310460282014624056e+00,8.860362872465957551e+00,1.067262505033589903e+01,1.279772375668077444e+01,1.473517456013590987e+01,1.423447687660621597e+01,1.235043061326158487e+01,1.045474211242501816e+01,7.768248014076613472e+00,5.441877767008341138e+00,3.577683916122064378e+00,2.217490292553474518e+00,2.579514824234191428e-01,1.431885363845914583e+00,3.057175455645711803e+00,4.785388270643427866e+00,6.154646336758434089e+00,7.887977342500638755e+00,9.388276986828199000e+00,1.078439984178356426e+01,1.312883064277698253e+01,1.456275604355635700e+01,1.688972590100742366e+01,1.195439847739484662e+01,9.970623590961718463e+00,5.317845617638575995e+00,2.714685649754914554e+00,9.787620034202931807e-01,1.468068550682872564e+00,2.148948817337477113e+00,4.160689741420257270e+00,6.265200264929720930e+00,9.477989703343091321e+00,1.099610564405938362e+01,1.372148968211871178e+01,1.456748120609027808e+01,1.598228665708470686e+01,1.744282099292929189e+01,1.878903194703135782e+01,2.062811842282470920e+01,2.152452652424397783e+01
2.291371763088273994e+01,2.148277302581853121e+01,1.859303485568755221e+01,1.702620273584526345e+01,1.540059255101110836e+01,1.174052919495520975e+01,9.838413093688545885e+00,6.649204903424013935e+00,4.995270080347289365e+00,3.699641196930607556e+00,2.896268616997395018e+00,0.000000000000000000e+00,1.502227560937590578e+00,3.558917666874835461e+00,6.249646669902244156e+00,8.123415750182259032e+00,1.028014080935209762e+01,1.226337580483126999e+01,1.577472518605639706e+01,1.399774903423100803e+01,1.224091644359927322e+01,9.830379462222667897e+00,7.647802034756463918e+00,5.655991351937665002e+00,4.002858428544410430e+00,2.746764513082613934e+00,3.406151604924300802e+00,4.160885039099715854e+00,5.046950616755334629e+00,5.962246576719768321e+00,7.904707812784417698e+00,9.586952097256308036e+00,1.149368554705246481e+01,1.385672728761849015e+01,1.535722881203740542e+01,1.777301628986559834e+01,1.480460439995308697e+01,1.280649039922007759e+01,8.164916486722070488e+00,5.574842513823484502e+00,3.763790918368368654e+00,3.288389935227187255e+00,2.104634978016022284e+00,3.049801303709200440e+00,4.803612993146819221e+00,7.784637667526503435e+00,9.096925590235157344e+00,1.130089125908396852e+01,1.201928543070346755e+01,1.327795138283937959e+01,1.464680281114361549e+01,1.594543537633538932e+01,1.775963819914788999e+01,1.863331328918660645e+01
2.441435965301512923e+01,2.297648668411628492e+01,2.009112018630809260e+01,1.852649644174135446e+01,1.690230409458278160e+01,1.324115515179249947e+01,1.133718745103509562e+01,8.106451303719614643e+00,6.470481880753898629e+00,5.191917461003354717e+00,4.397325448950065052e+00,1.502227560937590578e+00,0.000000000000000000e+00,2.232617907427986381e+00,4.975422693873070124e+00,6.864780864797006998e+00,9.019812987211249578e+00,1.101806303499165374e+01,1.665959068378099417e+01,1.494829628514148112e+01,1.327212328818163734e+01,1.100677397906715882e+01,8.913243400194430066e+00,6.934574962825747591e+00,5.297356328367218481e+00,4.241625114921307116e+00,4.833191767389362070e+00,5.337525352839125325e+00,5.838675203048342865e+00,6.465349107265466522e+00,8.387963182860977085e+00,1.009118304396804611e+01,1.218433817654951490e+01,1.451498308759046907e+01,1.602665948019291875e+01,1.845934983298891296e+01,1.627714454300965130e+01,1.427362679460524397e+01,9.642522880850393108e+00,7.062214198593310677e+00,5.261794456822324051e+00,4.702749042508773236e+00,3.340928965135989692e+00,3.492780045559872537e+00,4.687184395286625893e+00,7.284765484696538174e+00,8.407364962651579177e+00,1.019465455662230191e+01,1.081135980298825672e+01,1.194461538292437552e+01,1.323850340529595293e+01,1.449723751812588368e+01,1.628948593477865003e+01,1.714135155606363980e+01
2.630538427393617695e+01,2.493265167853402176e+01,2.201749122720695340e+01,2.043044066365248668e+01,1.878294745052079051e+01,1.515235636494418792e+01,1.327605713761230710e+01,1.019497322369615233e+01,8.527119378494159463e+00,7.205764243544452441e+00,6.310460282014624056e+00,3.558917666874835461e+00,2.232617907427986381e+00,0.000000000000000000e+00,2.742851324293692716e+00,4.632219925702962371e+00,6.787331787595730859e+00,8.785449578087261457e+00,1.689228272047891366e+01,1.532390274192778890e+01,1.382552884403141746e+01,1.188840309174596577e+01,1.003289976145238249e+01,8.155698379821410882e+00,6.641764908327852268e+00,6.112082752837027400e+00,6.965062938260487613e+00,7.568094098776899870e+00,8.011139190956898304e+00,8.501633388488309961e+00,1.037742207784604709e+01,1.207173333093132328e+01,1.426073577150704708e+01,1.656119206840483926e+01,1.807363346231364432e+01,2.050908163405289386e+01,1.787699151785880503e+01,1.586048590445169992e+01,1.131805527476731932e+01,8.823321241924752201e+00,7.246333154733251902e+00,6.846203927218780017e+00,5.554747685101865784e+00,5.600937189693463658e+00,6.372460269715007897e+00,8.383340746922064213e+00,9.177193952351769823e+00,1.010442952715963649e+01,1.045098123261753287e+01,1.118850509741894506e+01,1.218534934674322656e+01,1.324731504575357732e+01,1.490175294232326664e+01,1.558365791928398814e+01
2.868457266260786298e+01,2.738367124032764011e+01,2.444505676355037593e+01,2.284041289987737144e+01,2.117624755101063627e+01,1.759421774659475091e+01,1.575551855774338605e+01,1.282137071145293028e+01,1.114060816439674539e+01,9.803873561804259396e+00,8.860362872465957551e+00,6.249646669902244156e+00,4.975422693873070124e+00,2.742851324293692716e+00,0.000000000000000000e+00,1.889368595130783479e+00,4.045539546770894113e+00,6.042681458446361731e+00,1.754402739579196790e+01,1.617798950416381842e+01,1.491946210418420904e+01,1.338949795640743901e+01,1.183121794106771674e+01,1.012430842288366328e+01,8.789481617876237607e+00,8.640819737443353077e+00,9.642415542260069472e+00,1.030893644859967218e+01,1.071743110408598554e+01,1.111350417340908514e+01,1.293841080650784470e+01,1.461302569357028069e+01,1.687315203342753733e+01,1.913983246880872358e+01,2.064893525443860156e+01,2.308164626390941621e+01,1.999482224690411414e+01,1.798449787659275856e+01,1.358533317615381364e+01,1.120872582509121962e+01,9.824266983353330929e+00,9.531656173193635340e+00,8.286646998437559475e+00,8.284794295497709626e+00,8.793277103210261458e+00,1.026619027999935518e+01,1.071859804935923677e+01,1.067600709860256991e+01,1.067493320538263113e+01,1.085626058350623779e+01,1.139162115263945019e+01,1.212775495674997117e+01,1.353199867753540353e+01,1.394389155366234334e+01
3.035914664946455233e+01,2.910232642355114052e+01,2.615352591152499429e+01,2.454117091553169061e+01,2.287053955628635293e+01,1.932328623554109015e+01,1.750920957734851768e+01,1.465535943177640377e+01,1.297197463674308260e+01,1.163225961772986494e+01,1.067262505033589903e+01,8.123415750182259032e+00,6.864780864797006998e+00,4.632219925702962371e+00,1.889368595130783479e+00,0.000000000000000000e+00,2.158466446456968502e+00,4.153434119680039061e+00,1.822099890327192995e+01,1.700037056711261485e+01,1.590605995752664015e+01,1.463448252946248118e+01,1.325947515623698081e+01,1.166370842095126825e+01,1.043246095110188598e+01,1.044574119527526079e+01,1.150462959260073070e+01,1.219744653600869277e+01,1.259082312176314744e+01,1.294420420416687101e+01,1.474061758622695706e+01,1.640136930290010042e+01,1.869441914115821390e+01,2.094037425586742529e+01,2.244599283848962656e+01,2.487489033052772314e+01,2.153586609945287478e+01,1.953746175384952011e+01,1.523833290785506378e+01,1.293456994288538553e+01,1.164395169048971823e+01,1.139739871367564739e+01,1.017190069574172995e+01,1.015188539545265201e+01,1.055287531466000850e+01,1.176157009986648205e+01,1.203183711584596693e+01,1.144162684454805934e+01,1.122342134006106740e+01,1.102566034529009542e+01,1.120849609374593392e+01,1.167327739767961248e+01,1.284674244921416708e+01,1.303195877221977916e+01
3.235865729978993244e+01,3.114067828184265352e+01,2.818531196855960630e+01,2.656786724049914739e+01,2.489353211921736531e+01,2.137848189312976999e+01,1.958551840286076029e+01,1.679001859473266478e+01,1.510609331240394226e+01,1.376570298740845644e+01,1.279772375668077444e+01,1.028014080935209762e+01,9.019812987211249578e+00,6.787331787595730859e+00,4.045539546770894113e+00,2.158466446456968502e+00,0.000000000000000000e+00,2.001469343647135357e+00,1.931799441264074702e+01,1.825330158511415846e+01,1.732674061841911950e+01,1.630110409091721380e+01,1.509215088457689191e+01,1.359531452260385365e+01,1.244734663770957006e+01,1.256684310361003654e+01,1.365610076656749428e+01,1.435446107060881182e+01,1.471695366995559162e+01,1.502056854205661907e+01,1.678287125810778946e+01,1.842547947172564449e+01,2.075256255116461190e+01,2.297210174759157297e+01,2.447218065970394818e+01,2.689448412364927066e+01,2.343001895110380772e+01,2.144681504348720580e+01,1.724153024472627393e+01,1.499836145052157299e+01,1.377225427249795331e+01,1.355046583360723744e+01,1.233031106038580482e+01,1.227256734287473883e+01,1.256468379180819994e+01,1.351498959601341809e+01,1.360786225542327443e+01,1.249026533063497979e+01,1.205585588109118156e+01,1.146109574422090382e+01,1.124176089103944776e+01,1.137148048250365484e+01,1.223081372109013287e+01,1.212799993015819666e+01
3.414177366474024922e+01,3.296614545401159546e+01,3.000580467892731562e+01,2.838434652781205259e+01,2.670778140632914344e+01,2.323020620473412023e+01,2.146161070518616398e+01,1.873548734854310638e+01,1.705202834091856090e+01,1.571191735527074229e+01,1.473517456013590987e+01,1.226337580483126999e+01,1.101806303499165374e+01,8.785449578087261457e+00,6.042681458446361731e+00,4.153434119680039061e+00,2.001469343647135357e+00,0.000000000000000000e+00,2.030308890098821806e+01,1.938501779890655996e+01,1.861288641365472074e+01,1.780871429985888810e+01,1.675149045308118190e+01,1.534860816159910257e+01,1.427897577633260795e+01,1.450014736925967007e+01,1.562749231237047809e+01,1.635057488295852224e+01,1.671637161134926686e+01,1.700364027392391009e+01,1.874998998558062979e+01,2.038265810660383437e+01,2.272514250807598657e+01,2.493065629676367578e+01,2.642719462131724484e+01,2.884500325821716871e+01,2.511840170440740749e+01,2.315396454762481326e+01,1.904797289347957445e+01,1.686851236760582040e+01,1.571228836040651800e+01,1.552473119472576890e+01,1.432222755802359870e+01,1.427111150311869459e+01,1.452204531925559294e+01,1.533220184894134164e+01,1.531698838263616835e+01,1.385955306367048223e+01,1.327702614791529712e+01,1.239267743025153656e+01,1.184730392578112301e+01,1.167385590988208044e+01,1.220701680518275545e+01,1.181177502212496933e+01
1.998584676173995334e+01,1.990805589078177817e+01,1.748664893654766672e+01,1.621828874194169856e+01,1.503664902062859277e+01,1.397623859961070636e+01,1.384377827833398911e+01,1.506541213328692308e+01,1.469730834911189632e+01,1.453255126903606609e+01,1.423447687660621597e+01,1.577472518605639706e+01,1.665959068378099417e+01,1.689228272047891366e+01,1.754402739579196790e+01,1.822099890327192995e+01,1.931799441264074702e+01,2.030308890098821806e+01,0.000000000000000000e+00,1.939619216241894595e+00,3.912774715796831337e+00,6.773656066280612009e+00,9.023117899586935664e+00,1.066903276514556254e+01,1.210733536600393201e+01,1.412674244862177275e+01,1.542430958048701228e+01,1.703606584816627034e+01,1.889416706459896389e+01,2.032615037427244076e+01,2.189771031525289047e+01,2.319041381417609315e+01,2.393891823678763586e+01,2.603932088889140317e+01,2.724328954284394655e+01,2.922001725255775995e+01,1.151889050021931915e+01,1.082754147555839097e+01,1.151889296067798441e+01,1.264813211971692297e+01,1.434386435021460571e+01,1.553329377540983280e+01,1.630875303428421574e+01,1.827674284083570555e+01,2.034508359126929022e+01,2.349265305438573392e+01,2.486700461869878254e+01,2.681434636718528708e+01,2.730205722858904238e+01,2.805782339828775207e+01,2.887124423049158395e+01,2.967175631622657050e+01,3.102060895227506521e+01,3.125040766617273391e+01
1.898588907279239635e+01,1.874310833420696909e+01,1.618822230757697156e+01,1.483654177040358135e+01,1.355499990818961820e+01,1.222691907212925777e+01,1.199041346562242083e+01,1.312806244360415953e+01,1.276245438351124584e+01,1.262021615069107128e+01,1.235043061326158487e+01,1.399774903423100803e+01,1.494829628514148112e+01,1.532390274192778890e+01,1.617798950416381842e+01,1.700037056711261485e+01,1.825330158511415846e+01,1.938501779890655996e+01,1.939619216241894595e+00,0.000000000000000000e+00,1.973155505695374012e+00,4.834044574696110708e+00,7.092371891165043962e+00,8.776163487503811922e+00,1.025161186306707073e+01,1.225124444976671079e+01,1.351641749123806058e+01,1.511926875908971368e+01,1.698102280707723821e+01,1.841798054639009763e+01,1.997269686285387635e+01,2.125569026567619701e+01,2.200040192589749211e+01,2.410580871156500038e+01,2.531646137151521714e+01,2.730731237409754186e+01,1.014255402616767832e+01,9.230740524702532923e+00,9.600724024778092058e+00,1.071247445379150420e+01,1.243114212592980650e+01,1.362832185006864094e+01,1.444296149110323846e+01,1.642399865769891321e+01,1.850382684758331564e+01,2.166970389226574767e+01,2.307111165481373050e+01,2.513395667536154221e+01,2.566985167541682955e+01,2.651196755312718878e+01,2.741043341230020403e+01,2.828408393424337319e+01,2.970446696437564427e+01,3.001915620048112743e+01
1.812551479357063045e+01,1.769784379274695851e+01,1.500979578717167762e+01,1.357157044993980222e+01,1.218030360724862149e+01,1.051597300374586297e+01,1.013809900909115491e+01,1.115801332972460003e+01,1.079591828110424068e+01,1.068495398701180044e+01,1.045474211242501816e+01,1.224091644359927322e+01,1.327212328818163734e+01,1.382552884403141746e+01,1.491946210418420904e+01,1.590605995752664015e+01,1.732674061841911950e+01,1.861288641365472074e+01,3.912774715796831337e+00,1.973155505695374012e+00,0.000000000000000000e+00,2.860908749359318826e+00,5.135138044653157152e+00,6.877408083993596044e+00,8.402848299733893356e+00,1.036761964758344767e+01,1.158639578372834222e+01,1.317622089010525066e+01,1.504179689537956932e+01,1.648439221583104342e+01,1.801764141668020613e+01,1.928853959525941164e+01,2.002858020461712840e+01,2.213994509067977390e+01,2.335846623249752341e+01,2.536569600893665211e+01,8.958801207325254978e+00,7.768015487720274947e+00,7.660443190494548915e+00,8.745166582903380004e+00,1.049552355308580687e+01,1.170214273779633807e+01,1.256793162241873496e+01,1.456251967034216577e+01,1.665373337293323885e+01,1.983802770814919114e+01,2.127016381261234557e+01,2.346568753550312891e+01,2.405641794206673367e+01,2.499591158070768060e+01,2.598886204949505441e+01,2.694259302120487831e+01,2.843905073849858312e+01,2.884677843234377193e+01
1.722275758904775955e+01,1.650239509509036395e+01,1.364675318969560358e+01,1.209446272395034150e+01,1.054517389034107389e+01,8.257415516133136180e+00,7.570164547858329485e+00,8.305651248613569848e+00,7.948492960846708755e+00,7.907610630574939847e+00,7.768248014076613472e+00,9.830379462222667897e+00,1.100677397906715882e+01,1.188840309174596577e+01,1.338949795640743901e+01,1.463448252946248118e+01,1.630110409091721380e+01,1.780871429985888810e+01,6.773656066280612009e+00,4.834044574696110708e+00,2.860908749359318826e+00,0.000000000000000000e+00,2.339875998155112491e+00,4.238419336927361059e+00,5.858884030549271316e+00,7.709249581769737958e+00,8.817148825996994788e+00,1.037529052353984227e+01,1.224540160474707484e+01,1.369675276523844332e+01,1.518854460836814901e+01,1.643735527300420785e+01,1.717095234517820757e+01,1.929401689195516667e+01,2.052718575033283344e+01,2.256374237456750365e+01,7.845917802192837520e+00,6.189441490911042898e+00,4.899474010960681802e+00,5.897651836277542969e+00,7.718151366301432503e+00,8.940762135133748956e+00,9.910184396088315140e+00,1.192038326651682389e+01,1.402376663208912078e+01,1.723042709337931200e+01,1.871272258424750490e+01,2.113017387124703461e+01,2.181148858764893816e+01,2.290977552833561148e+01,2.405355281127647515e+01,2.513252841495825862e+01,2.674307166640551969e+01,2.729686411024909276e+01
1.755746157677200614e+01,1.658873886152236921e+01,1.364454209415571029e+01,1.203059221984271687e+01,1.038194055167462615e+01,7.447781700987196274e+00,6.284577722564323565e+00,6.229132524023204276e+00,5.678621540992423000e+00,5.570044030854473860e+00,5.441877767008341138e+00,7.647802034756463918e+00,8.913243400194430066e+00,1.003289976145238249e+01,1.183121794106771674e+01,1.325947515623698081e+01,1.509215088457689191e+01,1.675149045308118190e+01,9.023117899586935664e+00,7.092371891165043962e+00,5.135138044653157152e+00,2.339875998155112491e+00,0.000000000000000000e+00,1.991825229873571246e+00,3.644946056700537618e+00,5.394430101338758554e+00,6.478516149709870220e+00,8.047148160255623850e+00,9.915612959063491161e+00,1.136388955209327456e+01,1.288266735160445542e+01,1.416937306202249580e+01,1.501470183964684857e+01,1.719421280703630828e+01,1.847552908570873953e+01,2.058610124085894100e+01,8.371810699008063850e+00,6.435163228687645010e+00,3.356587625321510782e+00,3.635622935801480882e+00,5.380501633608563594e+00,6.601299499235361523e+00,7.588688984744172750e+00,9.600599536632270059e+00,1.170517911306386338e+01,1.491597484179545141e+01,1.641514445016072088e+01,1.893521414596808583e+01,1.966600408388864807e+01,2.085728478313913570e+01,2.209406204333922830e+01,2.325240662202823572e+01,2.493427202036138368e+01,2.558758117409015043e+01
1.879548720287393238e+01,1.767086754338139087e+01,1.470711874791694562e+01,1.308187700623798122e+01,1.140600914871975036e+01,8.096992733880142623e+00,6.562847983612053682e+00,5.373795800616526286e+00,4.362669398733491022e+00,3.900120280301857090e+00,3.577683916122064378e+00,5.655991351937665002e+00,6.934574962825747591e+00,8.155698379821410882e+00,1.012430842288366328e+01,1.166370842095126825e+01,1.359531452260385365e+01,1.534860816159910257e+01,1.066903276514556254e+01,8.776163487503811922e+00,6.877408083993596044e+00,4.238419336927361059e+00,1.991825229873571246e+00,0.000000000000000000e+00,1.653158185273250425e+00,3.493309969261773062e+00,4.770590114299809059e+00,6.409443019784458073e+00,8.247191919237911506e+00,9.665690439747395502e+00,1.129828055394326647e+01,1.268997388835221329e+01,1.377386433767309981e+01,1.603770082546036235e+01,1.738981475028029422e+01,1.960075014431749807e+01,9.877919455678485505e+00,7.874687313494933782e+00,3.792821200880085453e+00,2.563477130371999646e+00,3.715075684029064185e+00,4.872521922434168928e+00,5.696541951212673816e+00,7.699927719446973740e+00,9.799509140841836441e+00,1.300031403665605012e+01,1.447479346571511449e+01,1.694540551419739671e+01,1.767447854206475455e+01,1.887875571956747933e+01,2.014133682311478069e+01,2.132809688087250422e+01,2.303845622252590175e+01,2.373783778825753998e+01
1.992675342055277810e+01,1.869452786620464124e+01,1.573807856230580882e+01,1.412060253381937791e+01,1.244669763628915682e+01,8.954418345594689299e+00,7.228595552111983125e+00,5.178981171398814531e+00,3.768671498401638509e+00,2.861364392890596964e+00,2.217490292553474518e+00,4.002858428544410430e+00,5.297356328367218481e+00,6.641764908327852268e+00,8.789481617876237607e+00,1.043246095110188598e+01,1.244734663770957006e+01,1.427897577633260795e+01,1.210733536600393201e+01,1.025161186306707073e+01,8.402848299733893356e+00,5.858884030549271316e+00,3.644946056700537618e+00,1.653158185273250425e+00,0.000000000000000000e+00,2.060217375008676299e+00,3.595064614556080951e+00,5.251647406677845353e+00,7.002876263590436245e+00,8.365201431830337597e+00,1.010444369686367594e+01,1.159105479958395968e+01,1.290099772665768540e+01,1.522308876602389738e+01,1.663025180613477261e+01,1.891759648044674691e+01,1.125118175395289732e+01,9.234702657384335822e+00,4.806270466479291237e+00,2.674948869371414517e+00,2.707153225020647369e+00,3.659108279729335944e+00,4.204193216583030690e+00,6.172620283099194083e+00,8.254581291637956397e+00,1.143524932865928179e+01,1.288043915762195901e+01,1.529518753397699804e+01,1.602139760154366144e+01,1.723703660245240599e+01,1.852365081012902692e+01,1.973684088231933131e+01,2.147310761369942966e+01,2.221514693749470837e+01
2.021222395002745387e+01,1.882118905745439363e+01,1.591065080536937160e+01,1.433002146673045551e+01,1.269164027792928628e+01,9.046668133671722956e+00,7.164243605870811216e+00,4.246920362382276437e+00,2.573690660788307216e+00,1.260808026517790781e+00,2.579514824234191428e-01,2.746764513082613934e+00,4.241625114921307116e+00,6.112082752837027400e+00,8.640819737443353077e+00,1.044574119527526079e+01,1.256684310361003654e+01,1.450014736925967007e+01,1.412674244862177275e+01,1.225124444976671079e+01,1.036761964758344767e+01,7.709249581769737958e+00,5.394430101338758554e+00,3.493309969261773062e+00,2.060217375008676299e+00,0.000000000000000000e+00,1.661321956893957674e+00,3.261967345197573920e+00,4.956329437506449942e+00,6.306044883550461222e+00,8.063609992906409119e+00,9.580341105459917017e+00,1.100695837606282090e+01,1.335498677863292549e+01,1.479301235703625395e+01,1.712497777482257177e+01,1.207022080604789416e+01,1.007919683205070172e+01,5.429467619160668335e+00,2.831456461075903430e+00,1.223468104575707649e+00,1.684264587025821713e+00,2.203723718745280724e+00,4.211378599541194312e+00,6.314524115855406627e+00,9.522716358571775785e+00,1.102390007315475984e+01,1.368928112042108225e+01,1.451609787053781098e+01,1.590233025826887570e+01,1.734072829751115918e+01,1.867149647882485297e+01,2.049972542946078846e+01,2.137993224347147603e+01
1.972639487683922965e+01,1.822318590687591211e+01,1.537619149576974031e+01,1.384478588709428237e+01,1.226140507653516032e+01,8.591783775042291182e+00,6.672667183121540724e+00,3.284406837814169755e+00,1.727049219863867169e+00,9.128781544028857775e-01,1.431885363845914583e+00,3.406151604924300802e+00,4.833191767389362070e+00,6.965062938260487613e+00,9.642415542260069472e+00,1.150462959260073070e+01,1.365610076656749428e+01,1.562749231237047809e+01,1.542430958048701228e+01,1.351641749123806058e+01,1.158639578372834222e+01,8.817148825996994788e+00,6.478516149709870220e+00,4.770590114299809059e+00,3.595064614556080951e+00,1.661321956893957674e+00,0.000000000000000000e+00,1.661261677487533728e+00,3.476607407541861594e+00,4.901986577099682663e+00,6.544007639948723920e+00,7.999141417566060674e+00,9.352905218837763712e+00,1.169699451747265684e+01,1.313231613532352426e+01,1.546396297562262490e+01,1.212233547204678175e+01,1.020166654760934577e+01,5.628164557563382964e+00,3.176635846834371613e+00,1.101219932742458329e+00,1.619925162688582720e-01,1.687277950852367647e+00,3.442814524458396530e+00,5.470872915954496207e+00,8.655484963819368716e+00,1.024253339636542925e+01,1.325755090416022597e+01,1.420322413278738694e+01,1.577259268043708929e+01,1.735762452066035522e+01,1.879339041536731969e+01,2.069508104837176532e+01,2.169408978166332247e+01
2.000297291221116325e+01,1.839208940504594736e+01,1.563915219738668583e+01,1.417743391713570844e+01,1.267354096749553882e+01,9.064817229041180369e+00,7.188410975806371006e+00,3.618892280477367329e+00,2.653671584150490315e+00,2.510381728303511473e+00,3.057175455645711803e+00,4.160885039099715854e+00,5.337525352839125325e+00,7.568094098776899870e+00,1.030893644859967218e+01,1.219744653600869277e+01,1.435446107060881182e+01,1.635057488295852224e+01,1.703606584816627034e+01,1.511926875908971368e+01,1.317622089010525066e+01,1.037529052353984227e+01,8.047148160255623850e+00,6.409443019784458073e+00,5.251647406677845353e+00,3.261967345197573920e+00,1.661261677487533728e+00,0.000000000000000000e+00,1.870840443452133295e+00,3.328133963726142674e+00,4.890234159202284658e+00,6.339586348483695843e+00,7.770511947020938948e+00,1.013052527720987683e+01,1.158804567868538271e+01,1.395090264397782143e+01,1.297701421496093666e+01,1.114453498969532319e+01,6.765079016198005668e+00,4.564858429753902769e+00,2.697219159472483252e+00,1.593459365726168198e+00,2.056389443608658940e+00,2.758160595331221376e+00,4.448927016808714718e+00,7.485781977173130208e+00,9.121965336213474274e+00,1.241701563903778194e+01,1.346297206638825195e+01,1.518959616383490996e+01,1.690135768372132219e+01,1.842814532806821859e+01,2.038920149826333628e+01,2.150098618571403009e+01
2.106249069439062893e+01,1.936270056153081498e+01,1.671904294247032041e+01,1.533316987640041695e+01,1.391332912511708741e+01,1.041047854060498068e+01,8.611308923430771145e+00,5.120817067672088996e+00,4.464565777911783329e+00,4.361619771959943215e+00,4.785388270643427866e+00,5.046950616755334629e+00,5.838675203048342865e+00,8.011139190956898304e+00,1.071743110408598554e+01,1.259082312176314744e+01,1.471695366995559162e+01,1.671637161134926686e+01,1.889416706459896389e+01,1.698102280707723821e+01,1.504179689537956932e+01,1.224540160474707484e+01,9.915612959063491161e+00,8.247191919237911506e+00,7.002876263590436245e+00,4.956329437506449942e+00,3.476607407541861594e+00,1.870840443452133295e+00,0.000000000000000000e+00,1.461135508369844738e+00,3.109067935651852910e+00,4.680084681491225140e+00,6.447431988925059976e+00,8.812787130870173513e+00,1.031105803887286854e+01,1.272613053979325670e+01,1.454138870415149043e+01,1.277791708603451326e+01,8.537425788392393855e+00,6.426677191434821523e+00,4.550381704708761355e+00,3.379042707154613634e+00,3.157582964432917194e+00,2.448117175087104247e+00,3.237589725593611689e+00,5.923852090952435923e+00,7.578804121236420777e+00,1.110937901819954199e+01,1.224501099772929003e+01,1.411462688216214723e+01,1.594161539412943185e+01,1.755075563974829578e+01,1.955974167744275150e+01,2.078400345160486040e+01
